数组0:
59 94 84 33 20 38 30 26 24 89 65 89 83 81 75 83 86 43 28 47 44 54 49 84 6 53 100 62 31 39 94 3 98 101 48 83 91 83 14 103 99 18 
520
数组1:
97 88 61 15 69 4 67 84 6 101 69 67 91 69 73 50 44 19 38 74 80 50 96 102 24 80 94 93 82 73 34 62 30 5 57 12 77 39 60 90 36 88 78 96 99 100 96 95 82 91 25 10 102 2 49 5 49 19 63 18 32 50 41 18 57 26 29 41 92 40 
702
数组2:
5 49 77 1 80 66 82 9 20 99 15 47 78 79 92 102 6 93 92 30 102 11 31 15 1 65 15 89 87 73 69 
312
数组3:
86 93 76 78 90 50 30 85 48 68 39 42 95 42 15 64 49 20 35 35 89 66 14 99 52 14 100 20 101 100 7 12 44 65 54 53 23 2 66 36 44 31 51 88 21 0 19 23 29 62 65 37 50 61 24 7 83 8 49 87 44 22 39 88 88 20 57 13 46 75 101 77 95 51 
420
数组4:
90 39 64 32 42 66 92 36 30 97 37 102 33 13 88 14 26 20 6 51 94 17 54 55 55 8 20 71 
390
数组5:
34 40 87 48 78 50 102 51 41 21 70 28 64 41 70 26 35 37 83 21 84 20 53 83 0 0 14 99 37 77 24 89 13 71 95 10 81 54 93 48 18 17 45 56 44 9 74 33 29 8 25 80 92 1 51 2 13 57 48 89 68 86 9 19 47 55 100 47 49 85 69 2 53 89 3 73 32 102 89 48 58 79 46 
480
数组6:
53 12 79 66 95 49 19 89 85 80 96 64 41 49 92 33 6 38 6 
328
数组7:
88 4 46 57 81 23 66 45 66 84 27 84 23 93 56 50 78 65 57 82 97 2 46 88 82 67 25 70 7 10 89 61 46 58 32 6 82 36 87 81 94 103 9 30 65 93 30 99 68 32 49 86 56 93 35 18 43 55 25 87 52 103 20 61 37 11 
437
数组8:
33 33 53 31 68 38 62 86 64 100 51 40 53 86 22 50 27 49 55 72 72 91 5 70 36 70 95 96 43 45 56 62 90 94 3 2 102 25 35 4 82 72 7 64 96 95 68 54 66 77 34 35 8 67 83 86 92 13 82 30 29 55 41 18 25 43 13 0 47 24 38 90 19 52 97 53 3 77 16 44 66 
484
数组9:
38 46 99 91 67 
201
